Experiments with MMM=30 NNN=60 sizeof(Branch)=248 sizeof(Leaf)=248
vector<int>

Averaged on 1000 container(s). Timer resolution, msec:0.001
Array size      Insert      Delete     Read_rand     Read_iter    Fast_sum
        1     1.75e-04     3.71e-05     1.80e-06     2.64e-06     2.50e-06
        2     1.20e-04     3.59e-05     1.47e-06     6.01e-06     5.99e-06
        4     9.36e-05     4.16e-05     2.04e-06     1.58e-06     1.37e-06
        8     7.46e-05     4.47e-05     2.51e-06     1.05e-06     1.11e-06
       16     7.15e-05     4.91e-05     3.06e-06     9.02e-07     9.91e-07
       32     7.64e-05     6.26e-05     2.98e-06     9.06e-07     9.53e-07
       64     8.65e-05     7.14e-05     3.01e-06     9.11e-07     9.64e-07
      128     1.09e-04     7.95e-05     3.08e-06     7.84e-07     7.29e-07
      256     1.47e-04     9.44e-05     2.99e-06     6.87e-07     6.90e-07
      512     2.22e-04     1.35e-04     4.30e-06     6.90e-07     6.93e-07
     1024     4.95e-04     3.98e-04     9.60e-06     8.48e-07     8.82e-07
     2048     1.50e-03     1.41e-03     1.46e-05     9.68e-07     9.29e-07
     4096     3.30e-03     3.22e-03     1.75e-05     9.70e-07     9.45e-07





deque<int>

Averaged on 1000 container(s). Timer resolution, msec:0.001
Array size      Insert      Delete     Read_rand     Read_iter    Fast_sum
        1     7.41e-04     1.91e-04     6.87e-06     9.47e-06     9.33e-06
        2     5.02e-05     9.50e-05     8.75e-06     6.94e-06     6.69e-06
        4     7.33e-05     9.69e-05     8.10e-06     5.90e-06     5.30e-06
        8     9.25e-05     1.01e-04     7.50e-06     4.31e-06     3.41e-06
       16     1.00e-04     1.02e-04     6.52e-06     2.42e-06     2.35e-06
       32     1.15e-04     1.09e-04     7.19e-06     1.69e-06     1.65e-06
       64     1.24e-04     1.21e-04     7.02e-06     1.42e-06     1.26e-06
      128     1.37e-04     1.32e-04     6.65e-06     1.22e-06     1.31e-06
      256     1.61e-04     1.51e-04     8.81e-06     1.11e-06     1.09e-06
      512     2.56e-04     2.45e-04     1.16e-05     1.14e-06     1.16e-06
     1024     5.06e-04     5.05e-04     2.21e-05     1.35e-06     1.37e-06
     2048     1.27e-03     1.27e-03     2.82e-05     1.48e-06     1.45e-06
     4096     2.77e-03     2.75e-03     3.09e-05     1.77e-06     1.74e-06





btree_seq<int>

Averaged on 1000 container(s). Timer resolution, msec:0.001
Array size      Insert      Delete     Read_rand     Read_iter    Fast_sum
        1     3.06e-04     1.90e-04     4.25e-06     1.48e-05     1.54e-05
        2     4.52e-05     5.31e-05     3.79e-06     8.93e-06     8.11e-06
        4     5.04e-05     5.56e-05     3.71e-06     5.57e-06     4.89e-06
        8     5.12e-05     5.66e-05     3.62e-06     3.53e-06     3.00e-06
       16     5.97e-05     6.16e-05     3.61e-06     2.88e-06     2.08e-06
       32     6.73e-05     7.20e-05     3.82e-06     2.46e-06     1.64e-06
       64     8.72e-05     8.66e-05     8.71e-06     2.78e-06     1.97e-06
      128     9.08e-05     9.27e-05     1.16e-05     2.59e-06     1.86e-06
      256     1.02e-04     1.05e-04     1.63e-05     2.90e-06     1.70e-06
      512     1.31e-04     1.40e-04     3.57e-05     3.91e-06     2.06e-06
     1024     2.13e-04     2.13e-04     7.17e-05     4.68e-06     2.25e-06
     2048     3.29e-04     2.96e-04     1.14e-04     4.98e-06     2.50e-06
     4096     4.30e-04     3.87e-04     1.53e-04     4.95e-06     3.01e-06





btree_seq<int>

Averaged on 10 container(s). Timer resolution, msec:0.001
Array size      Insert      Delete     Read_rand     Read_iter    Fast_sum
        1     2.88e-04     2.79e-04     4.65e-05     6.77e-05     5.81e-05
        2     9.79e-05     1.05e-04     2.64e-05     3.06e-05     3.17e-05
        4     7.10e-05     7.72e-05     1.68e-05     1.57e-05     1.56e-05
        8     6.34e-05     6.73e-05     1.04e-05     8.71e-06     8.06e-06
       16     6.04e-05     6.65e-05     7.80e-06     5.89e-06     4.56e-06
       32     6.28e-05     6.99e-05     6.04e-06     4.28e-06     3.09e-06
       64     8.16e-05     9.21e-05     9.25e-06     3.56e-06     3.16e-06
      128     7.71e-05     8.71e-05     9.81e-06     2.78e-06     2.10e-06
      256     8.74e-05     9.83e-05     1.42e-05     2.60e-06     1.90e-06
      512     9.20e-05     1.02e-04     1.96e-05     2.67e-06     1.74e-06
     1024     9.65e-05     1.07e-04     2.59e-05     2.39e-06     1.63e-06
     2048     1.08e-04     1.14e-04     3.62e-05     2.47e-06     1.63e-06
     4096     1.23e-04     1.19e-04     4.12e-05     2.47e-06     1.60e-06
     8192     1.28e-04     1.29e-04     4.71e-05     2.53e-06     1.63e-06
    16384     1.40e-04     1.39e-04     5.94e-05     2.48e-06     1.62e-06
    32768     1.58e-04     1.65e-04     7.98e-05     2.86e-06     1.86e-06



__gnu_cxx::rope<int>

Averaged on 1000 container(s). Timer resolution, msec:0.001
Array size      Insert      Delete     Read_rand     Read_iter    Fast_sum
        1     3.28e-04     2.30e-04     6.50e-06     3.48e-05     4.07e-05
        2     3.34e-04     2.19e-04     7.29e-06     2.22e-05     2.40e-05
        4     5.29e-04     3.72e-04     6.25e-06     1.16e-05     1.19e-05
        8     6.51e-04     4.86e-04     6.21e-06     7.62e-06     7.33e-06
       16     9.11e-04     6.62e-04     6.56e-06     5.75e-06     5.25e-06
       32     1.20e-03     9.79e-04     2.46e-05     7.09e-06     6.73e-06
       64     1.73e-03     1.32e-03     4.67e-05     7.81e-06     7.29e-06
      128     2.17e-03     1.67e-03     1.18e-04     9.49e-06     8.98e-06
      256     3.10e-03     2.44e-03     4.84e-04     1.49e-05     1.41e-05
      512     4.44e-03     3.50e-03     1.04e-03     1.88e-05     1.79e-05
     1024     5.75e-03     4.31e-03     1.48e-03     2.77e-05     2.71e-05
     2048     6.95e-03     5.16e-03     1.93e-03     3.23e-05     3.16e-05
     4096     8.05e-03     5.92e-03     2.36e-03     3.48e-05     3.45e-05



__gnu_cxx::rope<int>

Averaged on 10 container(s). Timer resolution, msec:0.001
Array size      Insert      Delete     Read_rand     Read_iter    Fast_sum
        1     1.01e-02     3.12e-04     6.20e-05     8.40e-05     8.77e-05
        2     4.17e-04     2.83e-04     3.14e-05     4.32e-05     4.78e-05
        4     6.42e-04     4.52e-04     2.36e-05     2.45e-05     2.50e-05
        8     1.05e-03     5.32e-04     1.13e-05     1.33e-05     1.28e-05
       16     8.84e-04     6.63e-04     8.73e-06     8.99e-06     8.65e-06
       32     1.10e-03     9.34e-04     2.01e-05     8.59e-06     7.97e-06
       64     1.64e-03     1.30e-03     3.51e-05     9.21e-06     8.31e-06
      128     2.18e-03     1.66e-03     6.31e-05     1.04e-05     1.06e-05
      256     2.68e-03     2.00e-03     1.22e-04     1.19e-05     1.12e-05
      512     3.14e-03     2.30e-03     1.84e-04     1.12e-05     1.11e-05
     1024     3.59e-03     2.52e-03     2.47e-04     1.15e-05     1.07e-05
     2048     4.40e-03     2.84e-03     3.16e-04     1.22e-05     1.12e-05
     4096     4.83e-03     3.18e-03     3.90e-04     1.71e-05     1.66e-05
     8192     5.66e-03     3.63e-03     5.26e-04     2.25e-05     2.45e-05
    16384     6.64e-03     4.29e-03     8.00e-04     2.76e-05     2.75e-05
    32768     8.15e-03     5.11e-03     1.14e-03     2.87e-05     2.83e-05



std_ext_adv::sequence<int> (by Vadim Stadnik)

Averaged on 1000 container(s). Timer resolution, msec:0.001
Array size      Insert      Delete     Read_rand     Read_iter    Fast_sum
        1     7.91e-05     8.62e-05     7.85e-06     9.31e-06     1.42e-05
        2     4.90e-05     4.73e-05     9.22e-06     6.17e-06     7.78e-06
        4     5.30e-05     5.77e-05     1.07e-05     4.42e-06     5.42e-06
        8     6.36e-05     6.41e-05     1.18e-05     3.94e-06     4.06e-06
       16     8.98e-05     7.93e-05     1.32e-05     3.56e-06     3.17e-06
       32     1.12e-04     9.09e-05     1.19e-05     3.27e-06     2.20e-06
       64     1.50e-04     1.25e-04     1.19e-05     3.18e-06     1.98e-06
      128     2.00e-04     1.54e-04     1.29e-05     3.13e-06     1.97e-06
      256     2.32e-04     3.03e-04     2.84e-05     3.65e-06     2.89e-06
      512     3.52e-04     5.98e-04     6.32e-05     4.23e-06     3.47e-06
     1024     5.77e-04     9.98e-04     1.80e-04     4.37e-06     3.54e-06
     2048     9.63e-04     1.35e-03     3.80e-04     4.56e-06     3.78e-06
     4096     1.27e-03     1.62e-03     6.02e-04     5.02e-06     4.22e-06



std_ext_adv::sequence<int> (by Vadim Stadnik)

Averaged on 10 container(s). Timer resolution, msec:0.001
Array size      Insert      Delete     Read_rand     Read_iter    Fast_sum
        1     1.78e-04     1.62e-04     5.69e-05     5.00e-05     5.74e-05
        2     9.42e-05     9.31e-05     3.31e-05     2.67e-05     2.94e-05
        4     7.98e-05     7.93e-05     2.04e-05     1.34e-05     1.59e-05
        8     8.66e-05     8.39e-05     1.54e-05     9.65e-06     8.47e-06
       16     1.02e-04     8.70e-05     1.26e-05     6.96e-06     5.54e-06
       32     1.18e-04     9.00e-05     1.00e-05     5.01e-06     3.63e-06
       64     1.43e-04     1.11e-04     8.77e-06     3.99e-06     2.95e-06
      128     1.85e-04     1.34e-04     8.35e-06     3.39e-06     2.28e-06
      256     1.78e-04     2.09e-04     1.39e-05     3.54e-06     2.08e-06
      512     1.83e-04     2.70e-04     1.99e-05     3.39e-06     2.24e-06
     1024     1.90e-04     2.93e-04     3.36e-05     3.20e-06     1.99e-06
     2048     2.17e-04     3.15e-04     4.24e-05     3.26e-06     2.05e-06
     4096     2.33e-04     3.33e-04     5.52e-05     3.26e-06     1.93e-06
     8192     2.48e-04     3.60e-04     8.36e-05     3.23e-06     2.12e-06
    16384     2.99e-04     4.20e-04     1.37e-04     3.37e-06     2.25e-06
    32768     3.81e-04     5.63e-04     1.97e-04     4.09e-06     3.51e-06



Test by adding and removing groups of 5 elems. Time is given per one element.
Array_size   Insert   Delete
        8  2.50e-04       -  
       16  1.25e-04  1.25e-04
       32  1.25e-04  2.50e-04
       64  9.38e-05  2.79e-01
      128  7.81e-05  1.29e-01
      256  6.25e-05  4.69e-04
      512  7.03e-05  6.25e-05
     1024  7.62e-05  1.65e-03
     2048  6.45e-05  1.32e-03
     4096  6.59e-05  7.23e-05
     8192  6.96e-05  1.97e-04
    16384  7.56e-05  1.35e-04
    32768  7.88e-05  1.09e-04
    65536  8.33e-05  1.27e-04
   131072  9.25e-05  1.55e-04
   262144  1.03e-04  1.98e-04
   524288  1.53e-04  2.37e-04
  1048576  1.83e-04  2.69e-04
  2097152  2.15e-04  2.97e-04
  4194304  2.43e-04  3.18e-04
  8388608  2.73e-04  3.38e-04
 16777216  3.13e-04  3.45e-04



Test by adding and removing groups of 50 elems. Time is given per one element.
Array_size   Insert   Delete
       64  6.25e-05  4.39e-01
      128  4.69e-05  1.56e-05
      256  3.91e-05  2.34e-05
      512  3.91e-05  1.95e-05
     1024  9.49e-04  2.61e-03
     2048  2.83e-05  2.25e-05
     4096  2.93e-05  3.03e-05
     8192  2.91e-05  2.61e-05
    16384  3.28e-05  3.60e-05
    32768  3.76e-05  3.66e-05
    65536  3.85e-05  4.34e-05
   131072  3.96e-05  5.40e-05
   262144  4.28e-05  6.59e-05
   524288  4.82e-05  7.66e-05
  1048576  5.41e-05  8.28e-05
  2097152  5.60e-05  8.46e-05
  4194304  5.89e-05  8.51e-05
  8388608  6.24e-05  8.29e-05
 16777216  6.71e-05  7.53e-05



Test by adding and removing groups of 500 elems. Time is given per one element.
Array_size   Insert   Delete
      512  1.17e-05  7.81e-06
     1024  1.17e-05  5.86e-06
     2048  9.77e-06  3.17e-04
     4096  8.79e-06  6.84e-06
     8192  8.30e-06  1.51e-05
    16384  1.21e-05  8.18e-06
    32768  1.42e-05  1.25e-05
    65536  1.42e-05  1.04e-05
   131072  1.45e-05  1.22e-05
   262144  1.51e-05  1.56e-05
   524288  1.77e-05  1.85e-05
  1048576  1.83e-05  2.03e-05
  2097152  1.95e-05  2.02e-05
  4194304  1.95e-05  1.93e-05
  8388608  1.98e-05  1.76e-05
 16777216  2.03e-05  1.51e-05



